1 0.9456078 0.8873731 0.8353121 0.7670594 0.693933 0.6263313 0.5488385 0.4568262 0.353246 0.08479309 -0.01930752 0.00736355 0.9897174 0.9347344 0.8783049 0.8254442 0.7566593 0.6842252 0.6137993 0.5352657 0.4415835 0.3314219 0.02580632 -0.00968927 0.01572349 -0.01797409 0.009589241 0.03702634 0 0
0.9456078 1 0.9400497 0.8795561 0.8079971 0.7300993 0.6618943 0.5759049 0.4783126 0.3557949 0.08799573 -0.01180481 0.0038238 0.9355456 0.9888162 0.9307895 0.8694879 0.7973941 0.7202632 0.6491031 0.5620927 0.4628547 0.3338529 0.02862937 -0.01042636 0.0172784 -0.01884828 -0.001107695 0.02508727 0 0
0.8873731 0.9400497 1 0.9404431 0.8695118 0.7907758 0.7186809 0.6252622 0.5266398 0.4023508 0.09506571 -0.01229426 0.01896113 0.8747186 0.926197 0.9873901 0.9268064 0.8550402 0.7768086 0.7012015 0.6062803 0.5049011 0.3715726 0.007502934 -0.009842857 0.02307637 -0.0130662 -0.00842956 0.008517327 0 0
0.8353121 0.8795561 0.9404431 1 0.9271163 0.8398134 0.764462 0.6664297 0.5620821 0.4427231 0.08773024 -0.002885714 0.01045453 0.8227649 0.8658817 0.9278721 0.9859851 0.9122437 0.8255431 0.7465054 0.6469352 0.5398131 0.4109381 -0.0008449855 -0.03348639 0.01605647 -0.002768858 -0.008972839 0.005032683 0 0
0.7670594 0.8079971 0.8695118 0.9271163 1 0.911839 0.8307997 0.729121 0.6265385 0.4840446 0.110547 -0.002628508 0.01129477 0.7538024 0.7936293 0.8560277 0.912187 0.9835362 0.8959674 0.8108867 0.7074582 0.601678 0.4487125 0.01118939 -0.03278271 0.01926534 -0.006686129 0.006953209 -0.01665862 0 0
0.693933 0.7300993 0.7907758 0.8398134 0.911839 1 0.904647 0.7935227 0.6809453 0.5251073 0.1295596 0.03313111 -0.03010661 0.6782595 0.7132683 0.774487 0.822006 0.8922585 0.980079 0.8801053 0.7667648 0.649983 0.4813319 0.002643617 -0.02287477 0.02924022 0.004232115 -0.002041924 0.000785621 0 0
0.6263313 0.6618943 0.7186809 0.764462 0.8307997 0.904647 1 0.8706821 0.7511738 0.5786001 0.1373768 0.02357866 -0.02241205 0.6118571 0.6463462 0.7036008 0.7479823 0.8126801 0.8862053 0.976229 0.8448761 0.7215417 0.5365046 0.01890503 -0.01416677 0.04851359 -0.01743333 -0.03025404 -0.01106338 0 0
0.5488385 0.5759049 0.6252622 0.6664297 0.729121 0.7935227 0.8706821 1 0.8443752 0.6254892 0.164915 0.01519005 -0.01093966 0.5331894 0.5592094 0.6087761 0.6485392 0.709486 0.7732302 0.8453811 0.9706953 0.8108881 0.578321 0.03053537 -0.02722993 0.03513979 -0.009916067 -0.03394924 -0.0185595 0 0
0.4568262 0.4783126 0.5266398 0.5620821 0.6265385 0.6809453 0.7511738 0.8443752 1 0.7472145 0.2138756 0.01831666 -0.01048446 0.4369144 0.4572414 0.5052694 0.5391224 0.6014013 0.6544132 0.719492 0.8082883 0.9556591 0.6848502 0.03199181 -0.0444684 0.007159879 -0.04678384 -0.02263693 -0.02475343 0 0
0.353246 0.3557949 0.4023508 0.4427231 0.4840446 0.5251073 0.5786001 0.6254892 0.7472145 1 0.2902514 0.04156787 0.01931223 0.327757 0.3290516 0.3746602 0.4131548 0.451839 0.4905391 0.5387848 0.5807666 0.6921963 0.91649 0.04653059 -0.01802309 -0.005837953 -0.0497301 -0.005646638 -0.03755594 0 0
0.08479309 0.08799573 0.09506571 0.08773024 0.110547 0.1295596 0.1373768 0.164915 0.2138756 0.2902514 1 -0.0109187 0.009981927 -0.01579708 -0.01694067 -0.0162395 -0.02960355 -0.01669817 -0.01032086 -0.01568234 -0.005192766 0.004551708 0.00164307 -0.01505981 -0.1061247 0.01431986 -0.01545136 -0.006170169 -0.01165766 0 0
-0.01930752 -0.01180481 -0.01229426 -0.002885714 -0.002628508 0.03313111 0.02357866 0.01519005 0.01831666 0.04156787 -0.0109187 1 0.01423009 -0.01186937 -0.00407973 -0.004113416 0.005707501 0.006682718 0.04328535 0.03460006 0.02747314 0.03342037 0.06174327 0.06135278 0.07793843 0.02732133 0.02590582 -0.005490296 0.04966409 0 0
0.00736355 0.0038238 0.01896113 0.01045453 0.01129477 -0.03010661 -0.02241205 -0.01093966 -0.01048446 0.01931223 0.009981927 0.01423009 1 0.007611853 0.004097853 0.0192152 0.01074381 0.01160497 -0.02963898 -0.0218468 -0.01038643 -0.009822825 0.01980545 0.01238908 0.01535216 -0.02273956 -0.01456737 -0.0301392 -0.02245889 0 0
0.9897174 0.9355456 0.8747186 0.8227649 0.7538024 0.6782595 0.6118571 0.5331894 0.4369144 0.327757 -0.01579708 -0.01186937 0.007611853 1 0.9461183 0.888421 0.8369024 0.7694192 0.6971673 0.6305828 0.5543194 0.4643579 0.3644927 0.1294182 0.004546579 0.0128081 -0.01754277 0.01201056 0.03784689 0 0
0.9347344 0.9888162 0.926197 0.8658817 0.7936293 0.7132683 0.6463462 0.5592094 0.4572414 0.3290516 -0.01694067 -0.00407973 0.004097853 0.9461183 1 0.9406842 0.8808485 0.8101591 0.7332739 0.6661535 0.5815883 0.4862992 0.3681787 0.1366372 0.004425049 0.01422372 -0.01838622 0.001468245 0.02598865 0 0
0.8783049 0.9307895 0.9873901 0.9278721 0.8560277 0.774487 0.7036008 0.6087761 0.5052694 0.3746602 -0.0162395 -0.004113416 0.0192152 0.888421 0.9406842 1 0.9408224 0.8703714 0.7922161 0.7207414 0.6282303 0.5308115 0.4087433 0.1223992 0.005910001 0.01985502 -0.01263896 -0.00567278 0.009587108 0 0
0.8254442 0.8694879 0.9268064 0.9859851 0.912187 0.822006 0.7479823 0.6485392 0.5391224 0.4131548 -0.02960355 0.005707501 0.01074381 0.8369024 0.8808485 0.9408224 1 0.9276934 0.8411505 0.7665244 0.6695664 0.5666982 0.4497502 0.1202744 -0.01678842 0.01267491 -0.002350299 -0.0060605 0.006168533 0 0
0.7566593 0.7973941 0.8550402 0.9122437 0.9835362 0.8922585 0.8126801 0.709486 0.6014013 0.451839 -0.01669817 0.006682718 0.01160497 0.7694192 0.8101591 0.8703714 0.9276934 1 0.9126042 0.8323279 0.7317445 0.630567 0.4906237 0.142395 -0.0146908 0.01558786 -0.006216485 0.01004366 -0.01533848 0 0
0.6842252 0.7202632 0.7768086 0.8255431 0.8959674 0.980079 0.8862053 0.7732302 0.6544132 0.4905391 -0.01032086 0.04328535 -0.02963898 0.6971673 0.7332739 0.7922161 0.8411505 0.9126042 1 0.9051789 0.7947847 0.6828818 0.5282927 0.1471044 -0.003052451 0.02520669 0.004708241 0.001396257 0.002161359 0 0
0.6137993 0.6491031 0.7012015 0.7465054 0.8108867 0.8801053 0.976229 0.8453811 0.719492 0.5387848 -0.01568234 0.03460006 -0.0218468 0.6305828 0.6661535 0.7207414 0.7665244 0.8323279 0.9051789 1 0.8723559 0.7547798 0.5857535 0.1763637 0.007478389 0.04389689 -0.01679585 -0.0263244 -0.009493008 0 0
0.5352657 0.5620927 0.6062803 0.6469352 0.7074582 0.7667648 0.8448761 0.9706953 0.8082883 0.5807666 -0.005192766 0.02747314 -0.01038643 0.5543194 0.5815883 0.6282303 0.6695664 0.7317445 0.7947847 0.8723559 1 0.8468866 0.6324917 0.2051918 -0.003110209 0.03009478 -0.009256179 -0.02955127 -0.01675937 0 0
0.4415835 0.4628547 0.5049011 0.5398131 0.601678 0.649983 0.7215417 0.8108881 0.9556591 0.6921963 0.004551708 0.03342037 -0.009822825 0.4643579 0.4862992 0.5308115 0.5666982 0.630567 0.6828818 0.7547798 0.8468866 1 0.7514943 0.2468121 -0.01471769 0.001211281 -0.04571441 -0.01735949 -0.02252006 0 0
0.3314219 0.3338529 0.3715726 0.4109381 0.4487125 0.4813319 0.5365046 0.578321 0.6848502 0.91649 0.00164307 0.06174327 0.01980545 0.3644927 0.3681787 0.4087433 0.4497502 0.4906237 0.5282927 0.5857535 0.6324917 0.7514943 1 0.3398018 0.0224867 -0.01380584 -0.04795265 0.001429448 -0.03415783 0 0
0.02580632 0.02862937 0.007502934 -0.0008449855 0.01118939 0.002643617 0.01890503 0.03053537 0.03199181 0.04653059 -0.01505981 0.06135278 0.01238908 0.1294182 0.1366372 0.1223992 0.1202744 0.142395 0.1471044 0.1763637 0.2051918 0.2468121 0.3398018 1 0.03639362 -0.01399508 -0.01149267 0.01815495 -0.001574562 0 0
-0.00968927 -0.01042636 -0.009842857 -0.03348639 -0.03278271 -0.02287477 -0.01416677 -0.02722993 -0.0444684 -0.01802309 -0.1061247 0.07793843 0.01535216 0.004546579 0.004425049 0.005910001 -0.01678842 -0.0146908 -0.003052451 0.007478389 -0.003110209 -0.01471769 0.0224867 0.03639362 1 0.02670653 -0.04268452 -0.006846761 0.01257914 0 0
0.01572349 0.0172784 0.02307637 0.01605647 0.01926534 0.02924022 0.04851359 0.03513979 0.007159879 -0.005837953 0.01431986 0.02732133 -0.02273956 0.0128081 0.01422372 0.01985502 0.01267491 0.01558786 0.02520669 0.04389689 0.03009478 0.001211281 -0.01380584 -0.01399508 0.02670653 1 -0.004764134 0.004880544 0.0661982 0 0
-0.01797409 -0.01884828 -0.0130662 -0.002768858 -0.006686129 0.004232115 -0.01743333 -0.009916067 -0.04678384 -0.0497301 -0.01545136 0.02590582 -0.01456737 -0.01754277 -0.01838622 -0.01263896 -0.002350299 -0.006216485 0.004708241 -0.01679585 -0.009256179 -0.04571441 -0.04795265 -0.01149267 -0.04268452 -0.004764134 1 0.01959899 -0.006656531 0 0
0.009589241 -0.001107695 -0.00842956 -0.008972839 0.006953209 -0.002041924 -0.03025404 -0.03394924 -0.02263693 -0.005646638 -0.006170169 -0.005490296 -0.0301392 0.01201056 0.001468245 -0.00567278 -0.0060605 0.01004366 0.001396257 -0.0263244 -0.02955127 -0.01735949 0.001429448 0.01815495 -0.006846761 0.004880544 0.01959899 1 0.01066854 0 0
0.03702634 0.02508727 0.008517327 0.005032683 -0.01665862 0.000785621 -0.01106338 -0.0185595 -0.02475343 -0.03755594 -0.01165766 0.04966409 -0.02245889 0.03784689 0.02598865 0.009587108 0.006168533 -0.01533848 0.002161359 -0.009493008 -0.01675937 -0.02252006 -0.03415783 -0.001574562 0.01257914 0.0661982 -0.006656531 0.01066854 1 0 0
0 0 0 0 0 0 0 0 0 0 0 0 0 0 0 0 0 0 0 0 0 0 0 0 0 0 0 0 0 1 0
0 0 0 0 0 0 0 0 0 0 0 0 0 0 0 0 0 0 0 0 0 0 0 0 0 0 0 0 0 0 1
