1 0.9461943 0.8972852 0.8409043 0.7606795 0.6840878 0.6209712 0.5326949 0.4416602 0.3438105 -0.01899533 0.0411136 0.5635852 0.5291848 0.4889297 0.4466893 0.3818263 0.30561 0.2631196 0.1953288 0.1199465 0.0009264201 -0.01275082 0.02250835 0 0
0.9461943 1 0.9438558 0.8796501 0.7941376 0.7220022 0.6534768 0.5649496 0.4718001 0.3693203 -0.02204138 0.03760592 0.5299474 0.5635766 0.5185479 0.4689771 0.4020464 0.3311874 0.2853402 0.2108332 0.1310103 0.01139036 -0.01226976 0.008917129 0 0
0.8972852 0.9438558 1 0.9364004 0.854522 0.7849074 0.7047919 0.6214244 0.5253522 0.4043721 -0.02226191 0.04724466 0.4986334 0.524795 0.5498103 0.5000107 0.4361768 0.3620156 0.3036889 0.230508 0.148801 0.009619789 -0.02619582 -0.003024907 0 0
0.8409043 0.8796501 0.9364004 1 0.9195847 0.8450905 0.766167 0.6681071 0.561909 0.4413988 -0.02295636 0.04235799 0.4493045 0.467467 0.4929185 0.5227309 0.464091 0.3867379 0.3265153 0.2422394 0.1534202 0.01077113 -0.02738812 -0.01890909 0 0
0.7606795 0.7941376 0.854522 0.9195847 1 0.9174495 0.8242152 0.712059 0.5967373 0.4729023 -0.02953146 0.03719257 0.3774363 0.3939442 0.4187508 0.4427919 0.4845939 0.4046595 0.3422031 0.2438594 0.1458342 -0.002727898 -0.03179134 -0.01653525 0 0
0.6840878 0.7220022 0.7849074 0.8450905 0.9174495 1 0.9041871 0.789284 0.6621929 0.520307 -0.04704913 0.05210004 0.338298 0.3554951 0.3795386 0.3986449 0.4280711 0.4467127 0.3795271 0.2712868 0.1567792 -0.01084759 -0.02339736 -0.02887221 0 0
0.6209712 0.6534768 0.7047919 0.766167 0.8242152 0.9041871 1 0.8672998 0.7162854 0.5598915 -0.05129922 0.05864771 0.2838828 0.2981737 0.3081606 0.3266022 0.3452836 0.3615543 0.4110418 0.2880283 0.154056 -0.02341237 -0.04592243 -0.03596429 0 0
0.5326949 0.5649496 0.6214244 0.6681071 0.712059 0.789284 0.8672998 1 0.8280283 0.6480281 -0.04915606 0.04935416 0.2053827 0.2193467 0.2379946 0.2495455 0.25779 0.2773748 0.3124465 0.3435336 0.1874005 -0.008926059 -0.05412009 -0.03452048 0 0
0.4416602 0.4718001 0.5253522 0.561909 0.5967373 0.6621929 0.7162854 0.8280283 1 0.7783053 -0.002614747 0.004369432 0.0971868 0.1079598 0.1232565 0.1282603 0.1320543 0.1490979 0.1694691 0.1862135 0.210368 -0.02147463 -0.05817016 -0.002541171 0 0
0.3438105 0.3693203 0.4043721 0.4413988 0.4729023 0.520307 0.5598915 0.6480281 0.7783053 1 -0.004107844 0.009981927 -0.007665322 -0.001179675 0.003923476 0.002482319 0.0003124553 0.0001936123 0.005408355 0.0005371167 -0.005174376 -0.01505981 -0.08515756 0.01431986 0 0
-0.01899533 -0.02204138 -0.02226191 -0.02295636 -0.02953146 -0.04704913 -0.05129922 -0.04915606 -0.002614747 -0.004107844 1 0.02625285 0.03957317 0.03204008 0.03569482 0.03713406 0.02573871 0.01053442 0.001815666 0.01198092 0.03614208 0.05771036 0.1154489 0.01352002 0 0
0.0411136 0.03760592 0.04724466 0.04235799 0.03719257 0.05210004 0.05864771 0.04935416 0.004369432 0.009981927 0.02625285 1 0.008225555 0.01618275 0.01836476 0.03161032 0.02809249 0.02737197 0.04197298 0.02608102 0.01795863 0.01238908 0.02839802 -0.02273956 0 0
0.5635852 0.5299474 0.4986334 0.4493045 0.3774363 0.338298 0.2838828 0.2053827 0.0971868 -0.007665322 0.03957317 0.008225555 1 0.9569362 0.9211253 0.876426 0.8120003 0.7582292 0.7138051 0.6422355 0.5748324 0.4946891 0.02426011 0.01074594 0 0
0.5291848 0.5635766 0.524795 0.467467 0.3939442 0.3554951 0.2981737 0.2193467 0.1079598 -0.001179675 0.03204008 0.01618275 0.9569362 1 0.9555645 0.9032973 0.8407194 0.7896386 0.7423601 0.6680944 0.5969813 0.5173598 0.02991905 0.0008224947 0 0
0.4889297 0.5185479 0.5498103 0.4929185 0.4187508 0.3795386 0.3081606 0.2379946 0.1232565 0.003923476 0.03569482 0.01836476 0.9211253 0.9555645 1 0.9502909 0.8895967 0.8364068 0.774182 0.7063985 0.6320218 0.5400088 0.0185547 -0.01602829 0 0
0.4466893 0.4689771 0.5000107 0.5227309 0.4427919 0.3986449 0.3266022 0.2495455 0.1282603 0.002482319 0.03713406 0.03161032 0.876426 0.9032973 0.9502909 1 0.9391579 0.8802338 0.8149288 0.7472561 0.6677076 0.5730134 0.03986814 -0.02263595 0 0
0.3818263 0.4020464 0.4361768 0.464091 0.4845939 0.4280711 0.3452836 0.25779 0.1320543 0.0003124553 0.02573871 0.02809249 0.8120003 0.8407194 0.8895967 0.9391579 1 0.9343931 0.8664753 0.7879887 0.7042606 0.6068184 0.04174177 -0.02086144 0 0
0.30561 0.3311874 0.3620156 0.3867379 0.4046595 0.4467127 0.3615543 0.2773748 0.1490979 0.0001936123 0.01053442 0.02737197 0.7582292 0.7896386 0.8364068 0.8802338 0.9343931 1 0.928741 0.8499436 0.7642989 0.6555334 0.04836911 -0.04022749 0 0
0.2631196 0.2853402 0.3036889 0.3265153 0.3422031 0.3795271 0.4110418 0.3124465 0.1694691 0.005408355 0.001815666 0.04197298 0.7138051 0.7423601 0.774182 0.8149288 0.8664753 0.928741 1 0.9115415 0.8122474 0.6973574 0.04724676 -0.03940021 0 0
0.1953288 0.2108332 0.230508 0.2422394 0.2438594 0.2712868 0.2880283 0.3435336 0.1862135 0.0005371167 0.01198092 0.02608102 0.6422355 0.6680944 0.7063985 0.7472561 0.7879887 0.8499436 0.9115415 1 0.895955 0.7762104 0.05072716 -0.0380364 0 0
0.1199465 0.1310103 0.148801 0.1534202 0.1458342 0.1567792 0.154056 0.1874005 0.210368 -0.005174376 0.03614208 0.01795863 0.5748324 0.5969813 0.6320218 0.6677076 0.7042606 0.7642989 0.8122474 0.895955 1 0.8647157 0.04597374 -0.009627973 0 0
0.0009264201 0.01139036 0.009619789 0.01077113 -0.002727898 -0.01084759 -0.02341237 -0.008926059 -0.02147463 -0.01505981 0.05771036 0.01238908 0.4946891 0.5173598 0.5400088 0.5730134 0.6068184 0.6555334 0.6973574 0.7762104 0.8647157 1 0.03530006 -0.01399508 0 0
-0.01275082 -0.01226976 -0.02619582 -0.02738812 -0.03179134 -0.02339736 -0.04592243 -0.05412009 -0.05817016 -0.08515756 0.1154489 0.02839802 0.02426011 0.02991905 0.0185547 0.03986814 0.04174177 0.04836911 0.04724676 0.05072716 0.04597374 0.03530006 1 0.03880734 0 0
0.02250835 0.008917129 -0.003024907 -0.01890909 -0.01653525 -0.02887221 -0.03596429 -0.03452048 -0.002541171 0.01431986 0.01352002 -0.02273956 0.01074594 0.0008224947 -0.01602829 -0.02263595 -0.02086144 -0.04022749 -0.03940021 -0.0380364 -0.009627973 -0.01399508 0.03880734 1 0 0
0 0 0 0 0 0 0 0 0 0 0 0 0 0 0 0 0 0 0 0 0 0 0 0 1 0
0 0 0 0 0 0 0 0 0 0 0 0 0 0 0 0 0 0 0 0 0 0 0 0 0 1
