1 0.9470553 0.8904722 0.839957 0.7739833 0.7035735 0.6387858 0.5651396 0.478873 0.384016 0.1815076 -0.02271205 0.008243859 0.9601411 0.9052823 0.8508829 0.7976785 0.7289766 0.6575665 0.5853235 0.5070485 0.411638 0.2952953 0.02399622 -0.01994405 0.01691899 -0.0192509 0.008860467 0.03540256 0 0
0.9470553 1 0.9417857 0.8831421 0.8140079 0.7390443 0.6737146 0.592016 0.5005524 0.3888284 0.1886999 -0.01501552 0.004787371 0.9068466 0.9567702 0.9009062 0.8395139 0.7675735 0.6916499 0.6185305 0.5321288 0.4312998 0.2977907 0.0266892 -0.02109817 0.01849396 -0.02015699 -0.001721071 0.02354403 0 0
0.8904722 0.9417857 1 0.9423858 0.873965 0.7982855 0.7293119 0.640615 0.5480798 0.4340507 0.2014262 -0.01522256 0.0197339 0.8441319 0.8922394 0.951351 0.8905033 0.8186238 0.7413567 0.6634768 0.5690895 0.4649538 0.3246727 0.005757854 -0.02113428 0.02425113 -0.01452359 -0.008960021 0.007123018 0 0
0.839957 0.8831421 0.9423858 1 0.9295728 0.845512 0.7732753 0.6799948 0.5815857 0.4706617 0.2000334 -0.007724051 0.01141826 0.7926996 0.8327717 0.892581 0.9460149 0.8719817 0.7863761 0.7047911 0.6055963 0.4951861 0.3566421 -0.002544068 -0.04500759 0.01742164 -0.00448089 -0.009527335 0.003624071 0 0
0.7739833 0.8140079 0.873965 0.9295728 1 0.9156764 0.838524 0.7424034 0.6462869 0.5152797 0.230943 -0.009096912 0.01228221 0.7237026 0.7605809 0.8205857 0.8719198 0.9371985 0.8510949 0.7637601 0.6611018 0.5516909 0.3906369 0.009105889 -0.04511695 0.02061749 -0.008441711 0.006049755 -0.01773889 0 0
0.7035735 0.7390443 0.7982855 0.845512 0.9156764 1 0.909828 0.8055226 0.7010132 0.5592776 0.2602952 0.02534063 -0.02797694 0.6465567 0.6787148 0.737228 0.7799319 0.8443313 0.9247204 0.8231141 0.7111624 0.5909828 0.4144541 0.0005540869 -0.03650938 0.0303931 0.002048343 -0.002815951 -0.0007987521 0 0
0.6387858 0.6737146 0.7293119 0.7732753 0.838524 0.909828 1 0.8790397 0.7683646 0.6116731 0.2793547 0.01602801 -0.02026656 0.5818182 0.6134974 0.668094 0.7076324 0.7671557 0.8343116 0.9112767 0.7826573 0.6561684 0.4638611 0.01612462 -0.02924674 0.04912139 -0.01915825 -0.0302296 -0.01242877 0 0
0.5651396 0.592016 0.640615 0.6799948 0.7424034 0.8055226 0.8790397 1 0.8572334 0.661614 0.319405 0.00712056 -0.008903853 0.5032774 0.5268536 0.5738094 0.6086092 0.6648697 0.722936 0.7835484 0.8926608 0.7326358 0.498064 0.02691356 -0.04324351 0.03606629 -0.01201413 -0.03361067 -0.01970788 0 0
0.478873 0.5005524 0.5480798 0.5815857 0.6462869 0.7010132 0.7683646 0.8572334 1 0.7805767 0.3949479 0.005633181 -0.007925717 0.403243 0.4211887 0.4657666 0.4940296 0.5512987 0.598982 0.6525794 0.7281477 0.8444526 0.5763212 0.02716851 -0.06238851 0.009508881 -0.04699312 -0.02248506 -0.02553905 0 0
0.384016 0.3888284 0.4340507 0.4706617 0.5152797 0.5592776 0.6116731 0.661614 0.7805767 1 0.5146464 0.0314569 0.01984453 0.2882381 0.2887555 0.329229 0.3595157 0.3950372 0.4291343 0.4665658 0.5009947 0.5870032 0.7356016 0.03785613 -0.04316635 -0.001584979 -0.04849061 -0.006630095 -0.03661705 0 0
0.1815076 0.1886999 0.2014262 0.2000334 0.230943 0.2602952 0.2793547 0.319405 0.3949479 0.5146464 1 -0.01223969 0.009981927 -0.01702542 -0.01818164 -0.01759215 -0.03074776 -0.01816616 -0.01209503 -0.01734986 -0.007424639 0.001267881 -0.002404355 -0.01505981 -0.1061247 0.01431986 -0.01545136 -0.006170169 -0.01165766 0 0
-0.02271205 -0.01501552 -0.01522256 -0.007724051 -0.009096912 0.02534063 0.01602801 0.00712056 0.005633181 0.0314569 -0.01223969 1 0.0128825 -0.008699779 -0.0004937388 0.0001382662 0.00840187 0.008302595 0.04417293 0.03636693 0.02959209 0.03271101 0.0657132 0.05689124 0.07179472 0.03476278 0.02557051 -0.008536648 0.05083231 0 0
0.008243859 0.004787371 0.0197339 0.01141826 0.01228221 -0.02797694 -0.02026656 -0.008903853 -0.007925717 0.01984453 0.009981927 0.0128825 1 0.008719069 0.005312117 0.02021271 0.0119684 0.01286754 -0.02704671 -0.01918019 -0.007865351 -0.00671216 0.02067163 0.01238908 0.01535216 -0.02273956 -0.01456737 -0.0301392 -0.02245889 0 0
0.9601411 0.9068466 0.8441319 0.7926996 0.7237026 0.6465567 0.5818182 0.5032774 0.403243 0.2882381 -0.01702542 -0.008699779 0.008719069 1 0.9480882 0.8925996 0.8431799 0.778737 0.7100695 0.6472467 0.5759444 0.4934085 0.4046652 0.2275004 0.00811908 0.01117283 -0.01838159 0.0136177 0.03700894 0 0
0.9052823 0.9567702 0.8922394 0.8327717 0.7605809 0.6787148 0.6134974 0.5268536 0.4211887 0.2887555 -0.01818164 -0.0004937388 0.005312117 0.9480882 1 0.9430644 0.8857449 0.8183312 0.7453718 0.6821287 0.6031389 0.5158505 0.411353 0.2384634 0.008141638 0.01248152 -0.01922598 0.003336793 0.02531331 0 0
0.8508829 0.9009062 0.951351 0.892581 0.8205857 0.737228 0.668094 0.5738094 0.4657666 0.329229 -0.01759215 0.0001382662 0.02021271 0.8925996 0.9430644 1 0.94319 0.8757845 0.8013222 0.7336274 0.6467668 0.5565706 0.4465381 0.2310336 0.009834952 0.01791015 -0.01366638 -0.00354513 0.009223559 0 0
0.7976785 0.8395139 0.8905033 0.9460149 0.8719198 0.7799319 0.7076324 0.6086092 0.4940296 0.3595157 -0.03074776 0.00840187 0.0119684 0.8431799 0.8857449 0.94319 1 0.9307768 0.8482811 0.7775379 0.6864143 0.5908494 0.4842945 0.234667 -0.01218467 0.0107751 -0.003644825 -0.0038121 0.005856069 0 0
0.7289766 0.7675735 0.8186238 0.8719817 0.9371985 0.8443313 0.7671557 0.6648697 0.5512987 0.3950372 -0.01816616 0.008302595 0.01286754 0.778737 0.8183312 0.8757845 0.9307768 1 0.917255 0.8416622 0.7477385 0.6543264 0.5279659 0.264766 -0.009725358 0.01342239 -0.007504875 0.01207317 -0.01514182 0 0
0.6575665 0.6916499 0.7413567 0.7863761 0.8510949 0.9247204 0.8343116 0.722936 0.598982 0.4291343 -0.01209503 0.04417293 -0.02704671 0.7100695 0.7453718 0.8013222 0.8482811 0.917255 1 0.9110236 0.8083173 0.7053301 0.5663217 0.2809019 0.002066651 0.02252419 0.002980456 0.003863204 0.001879596 0 0
0.5853235 0.6185305 0.6634768 0.7047911 0.7637601 0.8231141 0.9112767 0.7835484 0.6525794 0.4665658 -0.01734986 0.03636693 -0.01918019 0.6472467 0.6821287 0.7336274 0.7775379 0.8416622 0.9110236 1 0.8823193 0.7752884 0.6249224 0.3193216 0.01264165 0.04016849 -0.01788848 -0.02262878 -0.009374716 0 0
0.5070485 0.5321288 0.5690895 0.6055963 0.6611018 0.7111624 0.7826573 0.8926608 0.7281477 0.5009947 -0.007424639 0.02959209 -0.007865351 0.5759444 0.6031389 0.6467668 0.6864143 0.7477385 0.8083173 0.8823193 1 0.8619433 0.6742215 0.359917 0.003015127 0.02638881 -0.01071203 -0.02518717 -0.01623489 0 0
0.411638 0.4312998 0.4649538 0.4951861 0.5516909 0.5909828 0.6561684 0.7326358 0.8444526 0.5870032 0.001267881 0.03271101 -0.00671216 0.4934085 0.5158505 0.5565706 0.5908494 0.6543264 0.7053301 0.7752884 0.8619433 1 0.7882161 0.4279017 -0.00653167 -0.001637163 -0.04490905 -0.0126015 -0.02131529 0 0
0.2952953 0.2977907 0.3246727 0.3566421 0.3906369 0.4144541 0.4638611 0.498064 0.5763212 0.7356016 -0.002404355 0.0657132 0.02067163 0.4046652 0.411353 0.4465381 0.4842945 0.5279659 0.5663217 0.6249224 0.6742215 0.7882161 1 0.5562895 0.02918713 -0.01578182 -0.04531192 0.00591164 -0.03058378 0 0
0.02399622 0.0266892 0.005757854 -0.002544068 0.009105889 0.0005540869 0.01612462 0.02691356 0.02716851 0.03785613 -0.01505981 0.05689124 0.01238908 0.2275004 0.2384634 0.2310336 0.234667 0.264766 0.2809019 0.3193216 0.359917 0.4279017 0.5562895 1 0.03639362 -0.01399508 -0.01149267 0.01815495 -0.001574562 0 0
-0.01994405 -0.02109817 -0.02113428 -0.04500759 -0.04511695 -0.03650938 -0.02924674 -0.04324351 -0.06238851 -0.04316635 -0.1061247 0.07179472 0.01535216 0.00811908 0.008141638 0.009834952 -0.01218467 -0.009725358 0.002066651 0.01264165 0.003015127 -0.00653167 0.02918713 0.03639362 1 0.02670653 -0.04268452 -0.006846761 0.01257914 0 0
0.01691899 0.01849396 0.02425113 0.01742164 0.02061749 0.0303931 0.04912139 0.03606629 0.009508881 -0.001584979 0.01431986 0.03476278 -0.02273956 0.01117283 0.01248152 0.01791015 0.0107751 0.01342239 0.02252419 0.04016849 0.02638881 -0.001637163 -0.01578182 -0.01399508 0.02670653 1 -0.004764134 0.004880544 0.0661982 0 0
-0.0192509 -0.02015699 -0.01452359 -0.00448089 -0.008441711 0.002048343 -0.01915825 -0.01201413 -0.04699312 -0.04849061 -0.01545136 0.02557051 -0.01456737 -0.01838159 -0.01922598 -0.01366638 -0.003644825 -0.007504875 0.002980456 -0.01788848 -0.01071203 -0.04490905 -0.04531192 -0.01149267 -0.04268452 -0.004764134 1 0.01959899 -0.006656531 0 0
0.008860467 -0.001721071 -0.008960021 -0.009527335 0.006049755 -0.002815951 -0.0302296 -0.03361067 -0.02248506 -0.006630095 -0.006170169 -0.008536648 -0.0301392 0.0136177 0.003336793 -0.00354513 -0.0038121 0.01207317 0.003863204 -0.02262878 -0.02518717 -0.0126015 0.00591164 0.01815495 -0.006846761 0.004880544 0.01959899 1 0.01066854 0 0
0.03540256 0.02354403 0.007123018 0.003624071 -0.01773889 -0.0007987521 -0.01242877 -0.01970788 -0.02553905 -0.03661705 -0.01165766 0.05083231 -0.02245889 0.03700894 0.02531331 0.009223559 0.005856069 -0.01514182 0.001879596 -0.009374716 -0.01623489 -0.02131529 -0.03058378 -0.001574562 0.01257914 0.0661982 -0.006656531 0.01066854 1 0 0
0 0 0 0 0 0 0 0 0 0 0 0 0 0 0 0 0 0 0 0 0 0 0 0 0 0 0 0 0 1 0
0 0 0 0 0 0 0 0 0 0 0 0 0 0 0 0 0 0 0 0 0 0 0 0 0 0 0 0 0 0 1
