1 0.9493077 0.8902439 0.8398444 0.7830367 0.7181093 0.6646139 0.5913094 0.4672861 0.3729212 0.1519126 -0.007418529 0.03543821 0.3017172 0.2705302 0.2449112 0.2258814 0.1890481 0.1677295 0.1421971 0.1267771 0.0667789 0.04481811 -0.02486366 -0.0112321 -0.00313382 -0.0005033019 0.06338597 -0.03409894 0 0
0.9493077 1 0.9460215 0.891436 0.8318063 0.762405 0.7015377 0.6148646 0.4861785 0.3900337 0.148617 0.01214945 0.04490448 0.3003332 0.3009427 0.27296 0.2541172 0.212633 0.1926462 0.1642321 0.1465575 0.08448746 0.05621913 -0.01925778 -0.01023291 -0.007248323 -0.008209457 0.06573969 -0.01374965 0 0
0.8902439 0.9460215 1 0.94367 0.8809625 0.8069345 0.7304604 0.6436815 0.5162955 0.4110784 0.1539368 0.01593801 0.05368522 0.2658062 0.271227 0.2754758 0.2553689 0.2118423 0.1855626 0.155396 0.1334427 0.07128457 0.03879364 -0.03962874 -0.002670149 0.007491158 -0.009922808 0.06828523 -0.03416111 0 0
0.8398444 0.891436 0.94367 1 0.9302791 0.8525986 0.7726569 0.678078 0.5501324 0.4374278 0.1772755 0.004879661 0.05114114 0.2673109 0.273579 0.2769055 0.2875962 0.243124 0.2099709 0.1778537 0.1481907 0.08626718 0.05771662 -0.0392341 -0.01223332 0.01783377 -0.004378583 0.05863272 -0.03458035 0 0
0.7830367 0.8318063 0.8809625 0.9302791 1 0.9140161 0.8307997 0.72435 0.5970603 0.4779686 0.2007881 0.02371624 0.0439071 0.2556959 0.2599391 0.2606731 0.2707987 0.2674036 0.2306579 0.1949214 0.1664079 0.1050004 0.06524775 -0.03223472 -0.01208661 0.02563336 -0.02787673 0.06727103 -0.03429243 0 0
0.7181093 0.762405 0.8069345 0.8525986 0.9140161 1 0.9044177 0.789985 0.656948 0.521257 0.2228301 0.03114835 0.03101237 0.2413688 0.2439784 0.2505318 0.2592668 0.2545104 0.2701684 0.227836 0.2013658 0.1377409 0.09079386 -0.02245117 -0.02196572 0.03714245 -0.02478068 0.05283569 -0.00252227 0 0
0.6646139 0.7015377 0.7304604 0.7726569 0.8307997 0.9044177 1 0.8759531 0.7301351 0.5816213 0.2614447 0.001828039 0.03052191 0.2068558 0.2095922 0.2092206 0.2203863 0.2220882 0.2361793 0.2465159 0.2111055 0.1459614 0.09390747 -0.02873285 -0.01481655 0.04733061 -0.0231824 0.04275666 -0.00708266 0 0
0.5913094 0.6148646 0.6436815 0.678078 0.72435 0.789985 0.8759531 1 0.82733 0.6399651 0.2640494 -0.00477916 0.04480133 0.1808286 0.1751381 0.1785523 0.1844352 0.188512 0.2127326 0.2320125 0.2624071 0.1972552 0.12332 -0.00564688 -0.005520234 0.04965223 -0.003665792 0.04690627 -0.01450562 0 0
0.4672861 0.4861785 0.5162955 0.5501324 0.5970603 0.656948 0.7301351 0.82733 1 0.7681516 0.3296084 -0.005929999 0.02480459 0.1467824 0.1370019 0.1436394 0.1440655 0.1590152 0.1861675 0.2023286 0.2281751 0.2484829 0.1639255 0.007671643 -0.01577984 0.02984492 -0.01054498 0.04284624 -0.02096992 0 0
0.3729212 0.3900337 0.4110784 0.4374278 0.4779686 0.521257 0.5816213 0.6399651 0.7681516 1 0.4733897 0.01991652 0.06533202 0.1153508 0.1068324 0.1249605 0.1245688 0.1361837 0.1555148 0.1563618 0.1727268 0.1934286 0.202155 0.009958258 -0.01430204 0.03769331 -0.04991077 0.04263882 -0.01674921 0 0
0.1519126 0.148617 0.1539368 0.1772755 0.2007881 0.2228301 0.2614447 0.2640494 0.3296084 0.4733897 1 -0.01617084 0.009981927 -0.01962429 -0.02064718 -0.0202558 -0.03169394 -0.02070809 -0.01569189 -0.0198579 -0.01204109 -0.00612389 -0.009323686 -0.01505981 -0.1061247 0.01431986 -0.01545136 -0.006170169 -0.01165766 0 0
-0.007418529 0.01214945 0.01593801 0.004879661 0.02371624 0.03114835 0.001828039 -0.00477916 -0.005929999 0.01991652 -0.01617084 1 0.002368987 0.0003920745 0.007425108 0.009403698 0.01573877 0.01505685 0.04272553 0.0377202 0.03540374 0.03392781 0.06120597 0.04845384 0.05625317 0.04530697 0.02152596 -0.0151986 0.04770992 0 0
0.03543821 0.04490448 0.05368522 0.05114114 0.0439071 0.03101237 0.03052191 0.04480133 0.02480459 0.06533202 0.009981927 0.002368987 1 0.01144204 0.008485283 0.02168275 0.01453814 0.01527966 -0.01759647 -0.01038993 -0.0008294799 0.00102748 0.01909328 0.01238908 0.01535216 -0.02273956 -0.01456737 -0.0301392 -0.02245889 0 0
0.3017172 0.3003332 0.2658062 0.2673109 0.2556959 0.2413688 0.2068558 0.1808286 0.1467824 0.1153508 -0.01962429 0.0003920745 0.01144204 1 0.9591625 0.9160423 0.8781799 0.8297716 0.7795161 0.7349114 0.6862139 0.6336137 0.5818684 0.4999861 0.01805358 0.005770855 -0.01976863 0.01751492 0.03244537 0 0
0.2705302 0.3009427 0.271227 0.273579 0.2599391 0.2439784 0.2095922 0.1751381 0.1370019 0.1068324 -0.02064718 0.007425108 0.008485283 0.9591625 1 0.9561002 0.9124736 0.8621746 0.8091523 0.7645422 0.7108871 0.6556438 0.5956286 0.5171792 0.01834884 0.006703194 -0.02047237 0.008514671 0.02182523 0 0
0.2449112 0.27296 0.2754758 0.2769055 0.2606731 0.2505318 0.2092206 0.1785523 0.1436394 0.1249605 -0.0202558 0.009403698 0.02168275 0.9160423 0.9561002 1 0.9568579 0.9065702 0.8522872 0.8043435 0.7451345 0.6872745 0.6227476 0.5256459 0.0203777 0.01113053 -0.0156688 0.002775947 0.007555107 0 0
0.2258814 0.2541172 0.2553689 0.2875962 0.2707987 0.2592668 0.2203863 0.1844352 0.1440655 0.1245688 -0.03169394 0.01573877 0.01453814 0.8781799 0.9124736 0.9568579 1 0.9486068 0.8887626 0.8389167 0.7771163 0.7158133 0.6526526 0.5403994 0.001727913 0.004606494 -0.007031092 0.002823564 0.004537829 0 0
0.1890481 0.212633 0.2118423 0.243124 0.2674036 0.2545104 0.2220882 0.188512 0.1590152 0.1361837 -0.02070809 0.01505685 0.01527966 0.8297716 0.8621746 0.9065702 0.9486068 1 0.941606 0.8896986 0.8275622 0.7688165 0.6955154 0.5790534 0.004704736 0.006377017 -0.01042733 0.01665611 -0.01336112 0 0
0.1677295 0.1926462 0.1855626 0.2099709 0.2306579 0.2701684 0.2361793 0.2127326 0.1861675 0.1555148 -0.01569189 0.04272553 -0.01759647 0.7795161 0.8091523 0.8522872 0.8887626 0.941606 1 0.9404554 0.8743068 0.8113803 0.7332912 0.611368 0.01552459 0.01325756 -0.001906839 0.01007976 0.0009518703 0 0
0.1421971 0.1642321 0.155396 0.1778537 0.1949214 0.227836 0.2465159 0.2320125 0.2023286 0.1563618 -0.0198579 0.0377202 -0.01038993 0.7349114 0.7645422 0.8043435 0.8389167 0.8896986 0.9404554 1 0.9265623 0.8632688 0.7811785 0.6533141 0.02459166 0.02651824 -0.01886777 -0.01084905 -0.008116578 0 0
0.1267771 0.1465575 0.1334427 0.1481907 0.1664079 0.2013658 0.2111055 0.2624071 0.2281751 0.1727268 -0.01204109 0.03540374 -0.0008294799 0.6862139 0.7108871 0.7451345 0.7771163 0.8275622 0.8743068 0.9265623 1 0.9208977 0.8232375 0.6973007 0.01763046 0.0143846 -0.01306566 -0.011711 -0.01313525 0 0
0.0667789 0.08448746 0.07128457 0.08626718 0.1050004 0.1377409 0.1459614 0.1972552 0.2484829 0.1934286 -0.00612389 0.03392781 0.00102748 0.6336137 0.6556438 0.6872745 0.7158133 0.7688165 0.8113803 0.8632688 0.9208977 1 0.9002174 0.768896 0.01234595 -0.007682573 -0.03712687 -0.0004506729 -0.01581267 0 0
0.04481811 0.05621913 0.03879364 0.05771662 0.06524775 0.09079386 0.09390747 0.12332 0.1639255 0.202155 -0.009323686 0.06120597 0.01909328 0.5818684 0.5956286 0.6227476 0.6526526 0.6955154 0.7332912 0.7811785 0.8232375 0.9002174 1 0.8614814 0.03681642 -0.01694289 -0.03368261 0.01308115 -0.01950993 0 0
-0.02486366 -0.01925778 -0.03962874 -0.0392341 -0.03223472 -0.02245117 -0.02873285 -0.00564688 0.007671643 0.009958258 -0.01505981 0.04845384 0.01238908 0.4999861 0.5171792 0.5256459 0.5403994 0.5790534 0.611368 0.6533141 0.6973007 0.768896 0.8614814 1 0.03639362 -0.01399508 -0.01149267 0.01815495 -0.001574562 0 0
-0.0112321 -0.01023291 -0.002670149 -0.01223332 -0.01208661 -0.02196572 -0.01481655 -0.005520234 -0.01577984 -0.01430204 -0.1061247 0.05625317 0.01535216 0.01805358 0.01834884 0.0203777 0.001727913 0.004704736 0.01552459 0.02459166 0.01763046 0.01234595 0.03681642 0.03639362 1 0.02670653 -0.04268452 -0.006846761 0.01257914 0 0
-0.00313382 -0.007248323 0.007491158 0.01783377 0.02563336 0.03714245 0.04733061 0.04965223 0.02984492 0.03769331 0.01431986 0.04530697 -0.02273956 0.005770855 0.006703194 0.01113053 0.004606494 0.006377017 0.01325756 0.02651824 0.0143846 -0.007682573 -0.01694289 -0.01399508 0.02670653 1 -0.004764134 0.004880544 0.0661982 0 0
-0.0005033019 -0.008209457 -0.009922808 -0.004378583 -0.02787673 -0.02478068 -0.0231824 -0.003665792 -0.01054498 -0.04991077 -0.01545136 0.02152596 -0.01456737 -0.01976863 -0.02047237 -0.0156688 -0.007031092 -0.01042733 -0.001906839 -0.01886777 -0.01306566 -0.03712687 -0.03368261 -0.01149267 -0.04268452 -0.004764134 1 0.01959899 -0.006656531 0 0
0.06338597 0.06573969 0.06828523 0.05863272 0.06727103 0.05283569 0.04275666 0.04690627 0.04284624 0.04263882 -0.006170169 -0.0151986 -0.0301392 0.01751492 0.008514671 0.002775947 0.002823564 0.01665611 0.01007976 -0.01084905 -0.011711 -0.0004506729 0.01308115 0.01815495 -0.006846761 0.004880544 0.01959899 1 0.01066854 0 0
-0.03409894 -0.01374965 -0.03416111 -0.03458035 -0.03429243 -0.00252227 -0.00708266 -0.01450562 -0.02096992 -0.01674921 -0.01165766 0.04770992 -0.02245889 0.03244537 0.02182523 0.007555107 0.004537829 -0.01336112 0.0009518703 -0.008116578 -0.01313525 -0.01581267 -0.01950993 -0.001574562 0.01257914 0.0661982 -0.006656531 0.01066854 1 0 0
0 0 0 0 0 0 0 0 0 0 0 0 0 0 0 0 0 0 0 0 0 0 0 0 0 0 0 0 0 1 0
0 0 0 0 0 0 0 0 0 0 0 0 0 0 0 0 0 0 0 0 0 0 0 0 0 0 0 0 0 0 1
